345253
14133
154351
118305
383953
65276
89412
937136
118885
438577
158885
724760
17635
277630
372942
15290
107648
296295
482403
311488
77165
305449
458979
283350
1288787
473443
345763
331823
345129
32216
482846
482500
1541520
1578384
713190
4838647
293706
1732387
65156
345591
17828
144598
345815
346439
403558
597280
225698
68820
918
113897
220396
345647
423754
865063
896896
180998
85597
1183053
1347395
258386
1071717
67289
39588
482926
963631
692374
421729
134027
69169
710760
714073
543208
141128
345560
347382
224905
258703
314944
370719
1368127
366155
1488716
387342
765625
149249
336123
38262
468051
870747
490758
2352468
40829
422657
663700
771278
364529
1123997
702350
2095425
346899
1332104
149843
795249
415370
345886
375739
558691
250457
345596
707118
966392
1086004
684775
263917
2298894
1017333
685337
730270
971290
187259
512602
1286015
345375
437027
1357092
67645
1957013
96801
632522
288301
723108
236025
490788
1608109
345029
193544
44713
1161491
483172
345733
39962
40643
809204
457151
317370
482727
295473
584773
23363
252126
520702
567315
143208
198929
345716
633135
553482
276243
119063
1245894
540065
1115749
988422
452789
308575
583251
324174
348437
173568
482475
540686
503146
1078654
1631779
347077
1185137
876903
206647
449899
482678
253363
237635
52094
405999
230075
158990
1267974
346083
308636
263610
617106
451763
193346
161052
745908
345916
1464696
1206064
952171
155636
345838
69067
334392
345696
391251
427370
11407
55355
3043379
57557
454487
227998
634866
462148
145973
2428216
1043284
1830716
383889
206548
726782
36900
846530
550393
482501
345524
1253427
521433
428108
397275
207092
206144
285196
907062
359853
1703875
3602819
63991
311061
345952
159750
90887
346097
247906
791267
100812
79565
320281
482735
105484
284352
442356
1113743
400757
345814
735292
747769
156650
153484
3437764
290505
1091377
476939
483320
560202
50519
345822
839768
257613
284637
127226
273761
1270272
608937
554064
816772
1297187
1727981
3146049
109882
445118
1350311
1317867
537412
1004720
345835
137298
768042
508979
919563
33591
321149
39556
477600
373535
447556
587452
3782675
178934
465840
282587
606195
517609
1349811
432003
1182744
1119926
97449
199293
563495
519475
923
257654
145627
487787
87884
444591
345717
529213
291882
722544
398138
941850
220015
49462
417325
477960
942549
380489
779072
574019
457786
345902
340359
1176568
265009
476131
115917
227787
345482
595489
948535
2341001
155628
104742
1457395
316071
627407
224782
106574
315040
345949
609002
24458
603197
41336
660737
735924
437257
345605
418175
1203
1051719
727247
789218
1318424
455352
187786
28455
177189
181834
863057
345399
166928
249468
227691
1085057
1185006
159123
576883
267402
459378
403086
1464953
864990
212296
103789
219120
2159026
250931
279513
671804
683002
2574205
613155
1004920
1352566
339415
115356
1470207
163991
196195
385379
104539
251272
1204223
1869369
1421182
537965
195070
286710
131560
5764544
252310
457315
298357
368419
967506
2183501
426822
378686
264265
686530
431809
296063
123146
371655
66587
1365586
421301
148510
1957427
66358
142297
151303
196824
731937
81167
222403
933423
277774
23157
1862566
630978
400869
1000942
830820
658396
962749
1547
89768
326072
143965
314452
1769290
58320
212481
1510527
234432
198279
475120
1282591
1901869
546496
32123
1186711
934230
409542
234303
3800241
3480858
1339628
878036
496414
547649
59213
118885
3008129
224907
4070349
31512
245115
200834
965644
1826234
1289258
414579
347695
1168645
609307
489751
914620
342988
2123302
1177658
1699264
346904
279592
474032
340238
344415
1715501
424576
1449175
98394
387255
864190
386412
650087
242232
4367122
337770
48194
626787
1920493
2077754
248861
18770
81443
1598326
917735
65530
442725
1072819
586846
58209
347499
440977
162224
147448
1094194
648704
1188786
490956
4787137
334620
124159
1686040
211519
239979
550867
1688022
1602806
973440
2867388
154261
50459
385609
731244
143300
318415
1756024
1044128
807011
395312
191309
71675
222601
29779
87971
322008
220432
500371
642051
769040
116080
454017
776205
2192689
305313
1444700
1098118
113272
1577570
38501
245574
862437
269213
353930
353590
444812
414168
620529
75765
35041
794163
665084
224907
116894
430429
447598
416820
223751
336603
2330467
51507
1331837
369244
21974
229617
437020
544178
172933
640450
206733
190633
178522
1937305
452765
2806446
342263
2097141
1800436
346535
1261731
254387
253032
132605
73035
225226
381468
274568
1177784
38959
346933
449543
2719941
168236
476786
679588
74362
572752
137919
175356
710012
208620
302846
1191980
2982284
1778627
1146304
120519
342564
3137
1251193
34587
395990
265070
56381
1903607
217899
1306809
414849
1324930
687340
338020
121385
107648
1013476
1043634
65666
66710
45202
237444
777114
213329
2391736
923254
1187518
796754
111259
1887451
1683361
376794
109280
47020
873
604132
805235
163772
1385012
346943
225745
3867118
668180
856459
1308714
682309
346853
49380
262729
1034919
591262
168041
494794
1586507
135855
101707
347681
1730010
685423
365293
583418
797540
1233115
328824
248964
529625
1126789
570266
108941
434472
34047
44803
169985
534374
16443
536733
213847
936851
2034019
195511
214414
1822252
1831783
591332
283363
154267
835146
56108
264698
430964
155716
2394701
2768325
658445
204032
439538
127799
1625484
142182
469547
1252230
152714
175347
625734
263651
2058584
1808402
1086917
382632
587432
101465
46230
240457
1087374
690259
488533
170915
477009
677405
5762813
4548869
369252
7124
181315
224389
347758
558217
937974
605537
554631
308640
1682155
1366955
54700
431035
566718
558105
471495
1632837
995717
170846
697848
990078
246032
3499474
84518
2001017
2123979
888524
290386
353920
149257
95860
423098
79021
244630
1021774
620813
289253
564303
389593
554220
280855
1994810
841372
142063
3280122
41804
740718
3105766
113748
633778
311652
392001
152267
139168
475568
183083
323975
1869314
106841
353280
184268
36291
275544
501740
607018
890412
83218
7132300
1262989
881803
650255
529485
226339
1350374
1747501
788140
484211
888327
3038693
2491938
52969
113704
253095
432073
1448946
57748
863464
1148072
320669
1938463
310188
130520
19919
261064
236270
1645345
1405189
199492
315660
484974
1927978
160465
829165
825789
19343
358527
237657
2827102
192424
914643
270637
4154190
159593
151338
1223102
340152
1916943
1073424
433158
182724
723021
426366
204137
585470
58130
186419
676604
91780
742900
2537259
446678
299455
191258
822669
1149137
371740
2392111
5153119
591899
786994
429070
1558015
1247468
432559
370775
620023
4176169
2316
316627
2000219
2068746
1446430
4267048
384500
1175149
420491
45037
123552
519532
5882853
1285424
351016
1276326
1502928
2046541
307940
133568
460415
674701
440671
1213661
215083
1328449
351550
264637
1279380
853394
1297139
809872
140892
1051905
273321
624445
3545436
608608
986132
578498
989613
469827
597266
22329
1379766
29888
54482
502247
441389
810942
1716836
952602
409304
85854
1326545
107966
1425036
1992825
255222
1975158
1081130
259726
31718
189481
44594
3278521
585787
178685
6513900
1312548
1238835
122743
448741
254848
106741
218172
37289
797490
426108
253437
2608832
73188
275014
237830
122335
736526
761470
253854
1282306
11862
1193664
257875
294611
853956
100462
670873
84332
32375
189771
48165
756315
267818
1819885
33068
262666
623589
355879
347498
315640
1094013
1075582
1286296
1763044
755353
1325439
308198
48878
2645
203488
29292
1660115
358223
324247
1812019
898087
64783
81569
326858
2192519
616636
632823
988571
405214
454003
158886
173548
785588
4172478
2074183
518841
3084051
156540
89539
20635
239870
455274
2967989
2549188
518199
1257832
0.0
564473
2299692
103739
1336023
995113
133774
421848
558583
362452
1305745
468376
170834
65712
135927
321924
47809
1332719
56079
937596
2910032
1985727
789740
173661
10930
239834
682091
183135
726991
255614
921906
756180
616
2953412
78825
412410
462269
26137
366973
2030869
399646
513444
663523
1257462
235490
376697
865190
2158045
218562
340160
532643
1767776
545337
1321021
313757
631397
831815
149728
1508462
858577
879898
1034993
316423
405217
1068394
249928
1956751
1742385
504332
36917
2422075
466823
68423
480592
396672
608358
266477
605271
1553028
31341
550740
1797080
2601048
473489
573652
884974
701150
2189
3578008
502850
1005537
1336793
547352
31321
994771
499191
68215
403605
165388
636002
279225
4800701
1053829
972436
215534
1367052
1471768
685158
1437631
162712
650053
2408325
265772
139406
261746
86321
145636
562234
534998
123996
67876
369901
254362
118341
535663
738113
1290214
371046
910276
2370116
1224885
1287913
383882
622241
970419
66949
405530
3226391
210894
4215139
256595
1191613
758928
416254
721634
416052
537408
206991
4296758
83406
1001385
233134
174778
578965
71216
676145
968058
92524
418863
506361
210429
202006
454136
289899
1357468
548352
347719
140419
641769
965552
256903
188818
1800088
1087979
711888
517680
725785
93690
2008447
559965
279135
316830
84649
1006833
244687
796010
503651
973962
55902
433699
158295
234114
2267421
2231327
243655
2856370
567571
286519
803802
745350
1954377
705050
1399027
161354
378041
580889
400004
738552
38050
539885
2543920
111585
1299285
87251
269266
224905
158865
8178
3347915
1120771
134824
1470267
170672
143613
1418745
255635
1210214
1375639
194966
2270679
755408
204762
108033
1868839
470790
742090
231728
807290
488571
189859
164798
302273
250207
746705
2872502
2702594
228073
375693
28286
1851137
2545337
154735
590269
431950
254237
239045
1041236
328104
117094
664125
315633
1630054
1003746
4450785
540688
249446
294833
297966
990956
508001
290537
703004
2155272
537242
258036
822865
57446
400458
315964
1552774
2442857
39184
3581430
773388
224809
239705
2476962
1056570
2070970
186765
4734091
133064
449679
362077
12808
347893
612210
311313
1018121
321690
600558
1019044
806822
368944
347362
38157
578664
191591
495033
1707352
389605
740073
163996
834813
1057875
483875
1043651
1347690
1244309
7006896
769780
157328
340451
380080
35145
237154
130481
362772
679001
1676903
18046
7527819
137385
504435
229048
469139
981660
671429
859723
358687
110273
2004860
2239106
489135
1597622
439204
279203
520425
110725
607709
2646227
792624
547713
857287
31026
999345
241389
724824
1181858
521277
390168
296171
211326
1203433
71738
263377
891092
224905
162876
940624
1708810
1331811
3800482
473976
205965
246816
439873
95679
534139
1115347
257538
465957
235826
1136600
1387892
499628
78826
728628
156841
59919
630770
825167
509837
241877
128676
289214
285135
1800014
185127
6748
84649
133677
239189
72493
533881
931185
718841
571534
737678
428041
195705
4179
2440857
224281
1484371
534839
3449630
130258
448030
2311360
1749656
60785
1309470
14381
736442
348017
1248532
751634
1449750
1317279
810162
157197
285463
1775006
212109
116965
1737815
262830
150845
59451
768977
1514463
233022
982043
1099499
808655
2440971
60447
852916
162839
138457
175241
1887061
896435
281017
157394
140392
2123484
106652
1692566
101597
1049344
220985
2974027
315572
769030
182134
67042
1418357
25
422426
70200
268441
1265030
624764
73381
9535929
577087
78514
117142
217786
633916
1858299
447014
555915
39960
1267166
1103629
87603
1363590
450696
47308
1967541
178411
138023
1000721
2052366
1386905
668645
348611
201612
380796
833319
479331
1326534
99397
1133575
290422
893933
1461689
94179
2744501
98839
935687
157670
141360
1074264
237711
66966
696871
405988
485804
229317
438227
188032
1818645
387963
121103
138435
158843
27233
809786
447829
170332
1765647
825866
367964
1711452
454630
268298
1230909
52536
300700
764047
192768
671854
472309
705858
379342
5549538
152326
949420
147312
179270
316282
18745
1929291
95657
237236
80279
39940
442056
380198
703213
222074
406500
3651275
181314
1924921
588608
297723
128220
72753
9676
347929
532097
1376495
510025
332503
591910
410439
1133635
243683
1290144
190116
744290
735393
331755
435308
190969
240595
2432604
714541
120205
1039827
221313
1043467
195001
1251745
4584348
4427049
4463392
4195
707959
691901
1162291
506316
147575
198457
310934
1978975
988329
707359
1426990
722406
338950
412734
532840
367868
70410
860123
184135
159180
543986
327579
1161250
19806
584674
1086247
912794
166837
231783
689635
367282
165427
1845472
516237
151609
717982
2212053
378005
1018940
692129
630197
1731030
3830663
1746197
312602
264844
561060
1847504
151003
326622
28518
826653
844907
1699097
4904396
303233
2136782
146231
1054589
137010
788369
129590
377343
59027
99613
191037
882534
4053530
1404033
4347179
124588
2990754
43
2979345
432813
129004
2060474
1854167
90678
279516
1617057
1435020
1372176
376247
1230744
318454
317058
793813
1254511
125931
2787229
14274
200375
238775
119745
159168
706603
509948
127322
545473
1928506
1590010
385809
791075
2679600
4182
217725
760847
177894
1217450
347709
3526169
106594
817141
1595910
169686
671483
516356
155261
169162
799471
331504
864298
1922842
88729
42731
657350
174242
530848
207611
720505
306310
255431
2264937
1320213
2284225
209008
233273
776210
97564
1477518
1414511
2008729
228073
94068
632785
2488877
155570
610167
2087840
473016
125442
130218
1183909
2104738
122210
159849
906589
188138
93620
382575
423405
383635
808271
130872
142238
254960
223246
1430316
287
699866
746679
2961442
869346
418430
1494882
154914
21899
376492
301285
149385
1415283
15126
256943
937174
318808
3004302
334941
93870
748586
682471
5700054
1246007
963665
643265
1948124
602016
121706
2366533
92887
450776
448876
196745
918303
347983
165136
1302055
826081
274563
159568
6500
190552
204352
691861
270
497699
193664
468897
313162
2451031
756068
228948
727435
800422
12007
286792
1232876
850067
436032
952451
471674
1571883
418850
641413
1559562
1274754
2882228
1169051
181883
60595
71732
2403509
162769
625466
207908
2165456
384849
3051563
180172
49986
1331968
20702
231720
230506
270908
525196
676
355283
151636
679443
261766
402702
1970932
6721898
48261
1270665
4106582
98466
286286
650862
283553
810341
75895
49283
448457
434324
2011185
99174
622881
292756
571730
335038
277241
852997
1949945
617907
99004
939392
726613
347893
1152463
272349
2247750
694741
451931
319545
1316040
420083
1760976
1493928
1160289
38296
1186700
151220
767086
262651
809750
367681
18831
264848
1088370
113038
650581
813365
854495
121004
31732
816882
1048816
697755
1804675
817300
1029886
2789580
650819
1220244
802942
469241
63082
449682
1258024
1129485
317013
58447
259044
16108
236265
408574
159910
258443
23742
318458
664300
565044
981398
100934
372227
913636
67369
1227142
1394665
1059125
262367
796895
940656
1462247
670027
593762
23331
2317788
202184
2868175
416743
281605
111905
884613
1224372
758725
2646582
175524
279022
165673
126405
86935
626500
489163
682327
529453
328641
618199
1548221
1537771
651277
1771254
130002
381069
197766
18915
100143
46867
407266
198156
211053
126128
2726827
1118916
175970
1242282
382022
449475
159593
237174
152202
904790
750566
944516
1818326
784944
206348
1399137
660477
318457
2493614
675719
1589216
299298
600744
249462
570153
24528
751666
347749
818577
931326
324075
46970
269440
195506
1167642
2548834
761169
738036
58160
701110
1351913
2596509
2507442
816012
898815
1315164
590481
50967
391695
2337872
656467
32774
621026
1276803
448967
1241013
1432727
1038944
99004
350338
444857
626920
311792
1634672
904492
251873
981925
543534
402725
151987
636760
392972
303353
860310
1136124
1485829
1027067
116888
792309
1723700
136810
648316
81575
533679
1977710
1570284
1808507
1629434
1684773
3210143
581391
114915
200112
612051
789354
789061
688454
3037742
158830
840590
142099
1747861
1154558
1741829
318773
397724
666142
839094
938967
996451
470628
2893841
360035
465546
334959
305717
3124251
102495
543850
1675255
1183412
662412
215925
44461
558882
443060
633888
453957
560842
56026
906822
985300
188627
739655
1209134
913029
2672903
1005976
159502
202794
1238618
80325
1546892
2639412
574
530760
12352
723105
275334
5340
270986
52193
214300
93606
208087
823458
106608
2499485
170972
3479781
333974
333875
356990
684400
5161430
505095
266122
429358
5046420
1816593
336357
118678
966945
2065206
268575
442049
195104
417317
55385
729624
129856
1105177
539048
1499333
117409
513926
562655
2150837
408259
246300
661536
863834
394975
1742559
140149
58254
943645
304800
323768
372720
101210
1353596
118532
598352
3210207
3752569
110677
15126
370004
362371
852344
911629
145587
1043640
2469274
596887
424675
284447
185742
496023
877012
551976
330897
536170
1122646
63848
749987
100
231575
1019230
267144
792269
1281723
243777
6698299
1968002
1628007
1707484
1077115
887535
1553723
1792632
308896
179
112238
409745
387395
571682
1440790
370219
1808454
885885
57213
65358
640258
499626
2326358
234166
511954
921598
466305
538797
807645
1428498
92887
179207
609330
334358
253864
2603181
575879
8034896
1609417
135343
3702361
1720342
3326280
188115
567473
2153970
1538041
1646354
278121
32328
12037
92887
1286284
1975610
1222162
486689
412112
1804128
0.0
1537808
1304405
418343
1058934
204125
847274
264096
576275
524860
945723
35903
512665
567251
2060932
1192844
177160
94688
303813
362794
653868
532702
687750
69
1017145
557813
78020
804125
837364
81323
110636
35119
154083
521283
220911
358075
1808089
474662
504982
2386398
1035458
491826
364498
314670
630223
266469
405540
290004
354285
194069
216615
568687
220656
1592113
1829613
243931
474713
656109
1047855
6808
676686
2174638
70786
1480872
623424
1055582
1276133
145144
501382
1236057
992075
856005
22175
248173
469709
186511
1201124
1194441
3152829
68819
716438
48007
770796
68032
520007
598266
699963
265220
99750
148288
659338
128738
2127125
129849
347934
230198
1105791
2520614
16912
60087
64505
2147789
4162175
246363
177446
313416
277476
475319
632836
314074
204753
2098447
399081
864892
698576
743581
92887
63108
794089
72702
20867
1627278
216560
1618101
661438
214570
295170
1169820
230387
466602
574276
717907
2088031
1286568
397135
120176
1504945
466801
690525
245307
1861519
898025
572507
573174
67510
298089
137497
74735
159914
654319
2490764
176224
1983575
8060062
796012
428475
2749733
385134
890822
443966
321313
95643
774233
174311
257268
277219
1505936
509829
602222
888939
911212
840664
534686
2001470
2115902
318751
2478553
455811
400004
112954
438569
2619734
1615386
268109
219495
93697
461279
3017816
331048
420246
180015
3411587
833211
347522
42985
2016496
3489635
363546
1645790
233801
250817
1622361
1089538
215598
933116
343348
466918
260005
1406687
560445
99841
879883
1045649
1236192
1586043
262304
145846
4393097
198593
203883
235381
54615
825769
1025417
35330
107480
5638
2761162
65324
289261
475463
1421990
74779
810911
210497
484618
34559
367604
438297
1127215
100655
209219
537188
767050
318200
306096
2479656
2200691
167193
549118
114918
562977
138501
2360832
1479385
232055
864220
498569
425259
906998
1346901
1379439
387982
257604
801048
329880
2143948
212293
560248
428302
2842
429458
707259
1523170
573053
1794612
76835
146
1768416
160346
581932
672066
59418
620651
1448206
3226157
69
134008
226876
276437
2204401
626866
923719
159940
394777
1373032
1917297
256331
274608
163913
2979697
1146269
1694562
1346379
3383695
378166
1171714
149431
946377
179335
228306
1258011
703538
510504
225338
511558
235914
596069
932205
533897
191210
568570
829625
2082492
1394123
417451
301396
78835
770280
429259
505967
267654
1107061
142271
306370
1673031
1220173
289616
2304832
273512
1110262
2295750
9778170
3033541
195195
315577
599818
344804
1531585
251732
694250
188015
1878161
479953
305258
1741200
512367
494560
1088643
4062560
45216
1070692
136192
189973
443044
144624
654176
1248777
295095
569937
1601977
2722637
1391631
6500
22246
391971
259456
550054
559274
1529876
236750
117432
219290
746659
78821
929963
1230713
1211020
864413
2620989
3780075
323726
33066
3600662
1027719
533059
382860
1360161
399656
372660
882791
5435
552799
2767914
3855059
370262
815492
402259
1090778
559835
4244229
702907
3722331
2767562
501859
446391
509148
2085077
1162180
560845
428799
1668337
853985
208863
770068
1323806
308976
526724
1166396
388845
478813
987186
882365
371132
2893284
1145540
706571
394814
1689749
299345
797427
6286087
112883
245302
203792
752246
265821
1180862
2040287
271001
205830
890834
877456
3148046
1054178
2410097
65534
481558
707
428007
72182
436122
616225
266075
127531
456772
984750
434832
702706
1162948
877430
171382
391040
733381
1281297
1415010
2527424
3619590
1381992
763822
96493
571305
565581
1494155
473407
1596351
509886
345315
2280046
181737
712041
799078
2408205
286152
1369334
40352
734776
1350810
19468
2794953
2948522
101278
866564
618238
1761391
22800
1674058
233488
689420
373087
442547
209616
318181
1044588
93753
66571
295119
164933
4453566
683667
909165
914763
315494
326689
1172872
1287374
114853
297319
2219699
2312982
2298193
556123
1157081
312683
440722
185130
522219
224509
208892
857094
385271
592741
883770
141850
2911394
1032707
1114371
62588
490871
521357
613672
562678
803196
153350
747567
597084
220417
815056
542445
642516
780595
977272
279051
2630137
1050693
336117
638393
440868
1690829
1408643
72185
297950
755493
211683
951143
1853180
1205137
934444
770759
4084062
3641442
537908
571621
1050259
220321
424645
312251
269899
444744
424763
1475157
181549
175521
3117019
483983
39940
542115
782163
1295943
55888
1392105
529510
1094030
28103
1632685
558897
39371
232276
347963
3402946
215679
432229
1328693
121756
1010585
581883
3285105
48967
194437
1443092
1173665
551347
379861
344391
543478
554180
758986
249330
1150979
135801
1713332
2112992
1595153
65126
429091
2046903
1857027
48980
293556
2186485
1765707
2313575
4011236
1341649
213162
281240
132731
31772
509731
2089399
1442255
3152820
624549
695256
5110
198339
32086
259599
371972
68373
309618
101746
265966
138651
785983
295266
166095
2127260
274726
463734
853272
4040450
492415
135370
64755
925755
364855
1568597
919598
654238
199841
21026
22154
401967
144830
716323
17970
209073
98275
889982
56196
3821364
90323
1205174
1919047
1190663
296765
529732
708070
2030748
662921
371962
3696433
24989
746330
310051
2430495
1349191
1467988
632799
4097864
462319
381424
51113
66742
347639
243786
102246
2143730
731203
1454126
1222966
504284
26369
55770
400642
87902
796497
971563
213369
1355422
190045
658890
784837
1797993
237358
242008
252065
34465
1120541
2072738
20134
676521
595266
652595
1397123
1092634
2640767
120542
58173
252492
1327886
298363
486040
99084
64937
144771
888084
651467
1493935
1515614
4704854
876479
799186
266082
480956
5023052
159897
347915
1767185
457687
905044
1125986
1799696
945061
1118154
293603
1083911
1304596
742138
221289
1327477
209496
1148615
1103760
2680539
1823036
1640526
401248
41566
1563728
1260958
246751
990424
1868261
873985
214365
2205259
684562
488792
1335550
314085
320721
655868
147978
1065646
528328
1393150
8243424
5094288
1635915
236998
21931
2574275
60264
451597
1833535
230590
247957
566220
385175
335855
1044764
1003331
422432
224239
449994
255649
691411
549308
126843
556060
96518
435153
309874
884338
386236
1793087
122285
5133
335888
620494
368318
1722378
713647
972923
2434787
390850
1781868
1542449
403216
415263
709523
991181
810975
1005011
3164703
270984
347923
463996
887720
1636599
1051701
3373086
1278204
71066
782268
23046
63700
21585
2845027
1408763
502101
1642132
1930852
494676
336928
835833
376478
726100
182599
1287177
105184
144615
557675
1589427
111046
618916
1141905
1734898
489620
972714
2537859
3913465
159872
885608
3600839
157539
139497
395439
442428
174906
1409409
613410
144393
2143899
662890
1484176
1619033
154881
388582
1753366
40139
321807
702674
724289
299077
107874
79043
251687
749055
285826
1612909
2411375
347718
83546
35481
277061
400496
1549408
689831
339024
1311726
1174537
64829
30261
230006
527784
231681
179174
308359
520915
1866618
348080
447124
397900
834052
129376
540835
131329
339170
892864
673293
237928
23764
5397179
34457
2087338
8485694
1321004
369845
1253507
137078
3024770
934840
66923
5156572
666939
236606
1023118
509228
321960
239244
712747
343925
1415999
1825483
1191347
996022
900608
340741
688038
1013128
773320
6162550
690890
1683707
100509
1108133
43913
172162
919981
1604179
1323656
365078
327611
600452
1467334
1506356
151797
1485732
1639302
46407
245228
198531
311218
1740965
114285
836890
56380
646753
198666
76751
1558925
670863
28202
2479192
1393948
5852253
644709
2243513
22906
1425298
1756289
221536
159479
266779
958924
2447434
2629718
988328
463369
2785116
1207989
1255
117934
315971
72458
341187
1457682
1179603
4810859
667331
5035164
960482
995284
1962211
847413
1241145
463062
2037414
1183608
957423
81606
289629
14201
1000482
120761
1851291
1659342
1857528
1334567
44290
1215133
1155268
288289
180224
830342
1037723
121160
538436
508354
6366360
159851
914012
403917
74951
77326
265786
723032
418616
523300
349770
259622
3219744
1481031
869274
488143
21861
47898
591687
207532
118130
737096
4841679
660674
5928604
324471
481897
446144
278392
81
63107
207984
339287
138016
1350171
524337
203007
2537531
570686
331019
199733
3207257
946480
41549
272063
2767103
522496
42308
519137
132406
287193
587943
368251
1056763
98418
689112
1849745
2161678
139321
49123
880807
817311
2096771
446443
245668
1677653
1098716
2233916
831737
437116
745843
1428662
902202
649695
1613024
360856
886552
202226
138979
428276
2605919
939786
965769
1160184
186985
2022041
239836
1582609
177907
327909
508503
448714
536116
3227830
888082
1115914
81222
19309
79419
1093991
187884
356472
823609
204528
416595
661251
348298
1298966
734477
1873055
236200
2525347
191819
16163
43449
590516
80137
77602
698658
718652
546561
65539
567947
196780
1013783
1014626
4951233
379300
848935
2089314
1123093
1101070
62095
1521217
2642177
84047
264114
2170691
443975
3268435
307632
37805
799336
1304780
439792
1210120
1191406
1168850
903644
399114
161648
390281
144378
754829
137754
65487
685516
196133
494457
2567004
2310436
143661
188349
57916
112290
1109748
4822298
3471116
137116
579540
998900
303846
397426
307003
690399
968428
247380
291872
2617217
1783800
193696
90505
765338
539103
19849
167072
64921
317246
764269
1116995
1566516
1933217
209907
463108
90755
119117
830233
332600
257602
2583975
205846
1739494
157157
225428
623406
2448165
1227638
209280
1044525
2478071
2358909
1015192
863818
1099888
4558
311653
159757
161082
154683
124222
887443
2218083
303502
151950
109367
785486
985060
183437
328583
1271840
243556
1038783
265935
88969
496730
1291254
1674081
1247107
191069
24652
1642106
672567
3356108
100508
544855
188560
2588763
1142695
527955
838018
649676
1709915
181525
337801
386282
696684
717552
1956859
114997
834837
928394
997748
498058
386188
211107
1506413
1240960
263045
1994275
34985
1542750
1524494
981825
844376
428505
257802
962318
2145392
892328
480036
828893
434148
600466
1268442
20779
220060
21899
389348
160859
31
437722
174132
332931
4773024
3780247
375103
1582535
2484524
419145
82129
459070
38939
5059792
162738
1536912
1209705
2824468
1645193
596598
87058
142118
726822
1032864
613802
1446111
225425
624367
587908
2721857
642312
319602
420836
605573
165223
1908777
1542075
372705
178989
939172
148177
60519
566254
1177922
672003
1471324
823390
193285
1503980
539904
921250
829835
843192
312897
920250
210918
769220
432579
202250
159584
300456
46486
480411
1432041
984724
1122927
1169554
143464
1287576
193378
550174
177809
1240504
987145
3105176
185772
90955
407824
3387416
1014147
346592
148584
654536
1185750
734362
450231
2936973
807410
1726690
342749
129028
1074417
991491
22936
46625
94641
166807
657315
635901
1578734
1123686
83156
419896
306299
2807163
1190257
276463
1092343
539580
2207315
1134156
332851
730637
113865
1315835
1931938
1189812
1763876
2184972
980770
102176
8623
225642
238272
851241
2008187
340226
879724
2853249
533719
1576393
533749
1211381
431752
1482603
3149678
845646
542497
273450
186378
605723
132538
402243
525038
4569273
20198
420453
163371
856507
1393804
1111493
496874
300145
45883
975375
35542
288835
324315
756735
754545
823396
2250049
152835
246719
327771
1110773
4908126
306017
446825
151086
191171
120244
1318397
2744912
2263497
1085023
630109
1033463
200588
126424
230425
314336
431844
448847
278280
565956
24826
85265
313416
580733
135143
1436369
954817
387
476313
796658
529865
155282
687208
2589205
189734
268440
850211
2603462
496493
279948
235508
23396
821526
268360
179643
70107
147589
1616299
818512
1376899
2620626
212281
955955
519072
81967
1142543
1297402
448514
2285008
100896
1098915
1582114
305671
182991
290811
1217843
452781
1726596
331240
780778
412741
1515286
0.0
1312793
569086
95547
792948
224290
391691
457523
837389
575874
521685
33794
270072
4768
649395
751166
159
207243
664379
1119594
871283
190723
302094
993920
719981
2541938
456446
272804
784407
525661
1338906
64226
112595
53100
897914
1246422
1034751
553324
664065
107069
185678
316327
3389696
14651
594144
341760
176181
2225604
658011
466427
229931
999447
631735
360387
1013318
230852
2981050
91236
317475
9513378
674238
969263
3961673
951873
65124
290104
568238
458695
202105
31083
300235
900963
136082
147912
95415
435108
263921
90489
1342137
224017
882450
1716368
1850293
3453409
1804818
275
222623
431169
268449
652092
1105874
971731
706012
738018
258031
1198190
869671
138784
101162
1116594
537998
194478
637200
73107
3845703
1308292
93531
779307
589025
1436633
7526668
1793393
237770
2913381
676287
837358
473650
131319
785651
1463947
1181797
275161
93834
20
2339586
910417
454063
416301
172481
443680
844484
890277
978741
893428
747223
92651
614128
598054
955564
666399
490607
100303
626498
27339
225428
358380
58937
574484
275644
546259
785350
82230
176354
370102
309481
225428
251144
455322
5763951
790750
1355640
5396365
1096656
636227
1042675
299716
391486
1303093
512928
228611
782713
2184971
35830
144198
224950
749030
617072
922516
1738367
306615
3186723
644853
108219
380746
409938
154275
1723729
699152
996008
1579582
5015653
1066569
3667317
1051037
3461960
506643
2676856
79398
754061
943215
367794
783680
565971
267423
1214828
2035623
499889
378427
263066
308683
2638568
2671549
160342
736982
1313710
1528781
521812
203200
190085
830087
1318828
328987
2442388
11655
1905440
60506
20720
325554
3000249
671280
559134
1017788
322574
262063
27264
107487
1102422
60745
532592
730227
1435408
2421241
228429
2880685
595315
246936
320915
1167029
104762
72035
1869684
944030
536568
387950
899211
1282191
9955
194866
1208925
1229527
4949101
611983
0.0
107731
2993677
611038
3496935
333926
1385828
471111
3036333
850361
348345
171475
531263
115792
390297
3574478
1118294
622569
249784
817415
1969832
379
76183
2418940
1014487
689792
631782
2065910
324904
1531916
613393
513369
86804
471144
2465282
877871
583968
3043129
602091
570800
159689
6736
2431907
2630444
1232208
1372003
567939
734753
49371
3144897
1774618
1017915
1240767
769018
723225
89915
179974
77574
256859
2197321
96476
580962
10663
819717
413742
1821771
338222
74379
148600
332233
213076
1902424
907242
1059397
159703
171831
537424
285185
316257
177598
61132
354384
113337
2095158
3191176
744977
389563
125615
18
65464
159936
476869
681235
300401
1049700
409117
983257
747488
2419521
443541
2039649
1191729
684576
347232
298732
651863
59229
1145016
508477
1439050
985931
63017
26003
1525685
182060
803095
138594
812532
572586
640194
327600
554832
6234991
475977
595479
474960
325405
375669
994281
349992
1381655
109717
2635877
396150
121809
2981499
761510
1305523
390616
18489
73604
759708
340582
1134215
99972
1409300
776202
1623573
355505
4355724
39
291502
649586
971284
661458
5238296
515184
240969
1821419
27631
453385
394949
341915
2135877
8869288
1494107
46992
1311385
2472516
3289757
7904843
675705
55
218895
342820
12237
740141
1161577
516229
8958516
536973
499847
3264378
1047523
896757
642162
314141
178405
237579
843615
1444620
110942
1903028
77528
1600081
786590
2159496
788209
39247
90775
3134431
1059568
1414919
20867
1832909
601719
503874
1632180
198863
3804452
1797524
45626
39915
451793
225398
61108
2689047
1325063
230405
141412
1161843
260055
3862375
525759
1328276
78986
1240146
133562
1275289
3902999
828678
685331
179290
793767
691488
2345938
1842709
209
90610
615992
905331
348946
1428202
59599
106504
654978
53991
342291
126594
297588
152061
1032464
35162
527663
239475
233693
1884433
131831
173412
462081
237904
1009227
135525
324706
542847
1343188
848319
922121
1823761
379931
177427
115057
284397
170638
30210
415567
334864
152551
795725
406972
1405706
188831
349932
1275839
268621
890260
2317005
1038952
526408
476545
1746874
880209
419309
965509
1197753
1567366
29156
441646
203824
670591
2492904
1567995
2428150
2529827
333828
5827579
1865172
108539
375140
2413358
3577492
571295
220653
1083326
848482
1551844
173478
77379
224048
970056
140774
311831
912341
650286
1047308
456075
726398
611059
23156
1466843
409210
267769
462954
890518
409114
144435
34786
302102
534105
368008
755836
340173
308897
127330
1009450
439994
490690
397193
1293237
84588
138908
454790
2248928
417309
435725
1932242
825418
1078912
56233
619325
91793
200193
4961422
1909171
964443
1399679
469845
398300
155122
521778
2250139
914081
2781311
13391
994802
514472
130980
95984
1299230
2526338
1674119
1467756
1093432
1611302
227635
905763
91883
3286484
828026
524389
374411
849947
731206
1012396
774926
132820
182500
448017
851639
343757
1716477
328923
3735331
253
998573
330005
581318
275109
1049427
2861966
857635
1561098
1409505
967547
676911
1348371
1038379
2317225
844465
3427350
1424041
1973445
2156723
3069659
1410157
2267986
314288
690769
425351
1407674
2591979
4318761
1455808
92054
698074
2745341
1375761
6030425
1086507
668503
117821
814648
294109
806250
661624
2275391
1432023
2683814
4498613
1075634
1279643
979574
6274341
7226249
41936
596707
1051527
5171718
1178965
2275266
88038
786885
3022315
1182799
2234775
679101
1425933
8196598
824286
53519
3988383
594268
597281
1689872
1039675
1822005
928708
1837380
919757
2195875
427485
2769501
2113427
903378
2750806
904960
1076930
390451
760895
2419142
1382487
3530420
1043396
1400239
219630
1790210
580026
3189146
1467638
2650332
1808374
781261
350248
925782
5170714
1121893
2688093
2757637
634870
1783867
1552387
464209
1159495
96064
2024442
5916653
3597343
709297
923369
2559699
968460
820367
2624145
1623043
1280713
834811
1867642
1417676
3981497
142445
1002125
1694856
427507
6529185
1000495
2135127
2129291
1245990
1516194
1748960
4021851
537238
1506999
463606
2958500
684964
1105384
1804125
3594699
922534
322036
3969297
1403620
3246482
1648497
2378095
2201274
316020
155682
560827
1903041
210091
658866
2503582
1215047
